1 -10 -13 -10.5497 -14.4029
2 -9.79798 -12.697 -8.21523 -13.7421
3 -9.59596 -12.3939 -9.33837 -14.3533
4 -9.39394 -12.0909 -10.9017 -12.4062
5 -9.19192 -11.7879 -8.33374 -11.7165
6 -8.9899 -11.4848 -11.2822 -12.9004
7 -8.78788 -11.1818 -7.90205 -10.5499
8 -8.58586 -10.8788 -8.5456 -11.7819
9 -8.38384 -10.5758 -8.20852 -10.3813
10 -8.18182 -10.2727 -8.71707 -9.49538
11 -7.9798 -9.9697 -7.80846 -10.4125
12 -7.77778 -9.66667 -6.07287 -8.74232
13 -7.57576 -9.36364 -8.88062 -9.74421
14 -7.37374 -9.06061 -8.11736 -9.49773
15 -7.17172 -8.75758 -7.59817 -7.37617
16 -6.9697 -8.45455 -6.87133 -8.824
17 -6.76768 -8.15152 -8.0409 -7.13653
18 -6.56566 -7.84848 -8.04672 -8.13558
19 -6.36364 -7.54545 -6.42046 -8.33356
20 -6.16162 -7.24242 -6.09391 -8.28133
21 -5.9596 -6.93939 -6.22327 -6.40114
22 -5.75758 -6.63636 -4.22932 -4.67969
23 -5.55556 -6.33333 -5.07736 -6.21399
24 -5.35354 -6.0303 -6.211 -6.79225
25 -5.15152 -5.72727 -4.51221 -5.67975
26 -4.94949 -5.42424 -1.83466 -5.9567
27 -4.74747 -5.12121 -4.40189 -5.54673
28 -4.54545 -4.81818 -6.78423 -3.06278
29 -4.34343 -4.51515 -4.60763 -3.66886
30 -4.14141 -4.21212 -2.05468 -3.68564
31 -3.93939 -3.90909 -2.95558 -5.83129
32 -3.73737 -3.60606 -4.6322 -3.276
33 -3.53535 -3.30303 -2.48676 -1.95313
34 -3.33333 -3 -2.08766 -3.69119
35 -3.13131 -2.69697 -1.85024 -3.42403
36 -2.92929 -2.39394 -3.72846 -2.39749
37 -2.72727 -2.09091 -2.21468 -2.25877
38 -2.52525 -1.78788 -1.17892 -2.40337
39 -2.32323 -1.48485 -3.06627 -0.468912
40 -2.12121 -1.18182 -2.67637 -0.745559
41 -1.91919 -0.878788 -2.06588 -0.855295
42 -1.71717 -0.575758 -1.97547 1.2634
43 -1.51515 -0.272727 -1.70914 1.3014
44 -1.31313 0.030303 -0.556231 -0.496821
45 -1.11111 0.333333 -1.86454 0.42328
46 -0.909091 0.636364 0.772621 0.445689
47 -0.707071 0.939394 -0.866155 -0.433737
48 -0.505051 1.24242 -0.457018 -0.327909
49 -0.30303 1.54545 -1.59825 1.62
50 -0.10101 1.84848 -0.982963 1.61558
51 0.10101 2.15152 -0.854089 2.17507
52 0.30303 2.45455 -0.667254 1.69029
53 0.505051 2.75758 0.239905 2.58465
54 0.707071 3.06061 -1.17643 4.66856
55 0.909091 3.36364 2.05439 2.88005
56 1.11111 3.66667 2.13051 2.6808
57 1.31313 3.9697 0.0681754 5.89356
58 1.51515 4.27273 1.0722 5.81825
59 1.71717 4.57576 -0.201265 3.58084
60 1.91919 4.87879 1.51114 4.98109
61 2.12121 5.18182 1.25459 5.54305
62 2.32323 5.48485 1.38537 4.09919
63 2.52525 5.78788 2.18637 5.60862
64 2.72727 6.09091 2.48633 5.84321
65 2.92929 6.39394 2.76077 6.96765
66 3.13131 6.69697 2.17454 6.04545
67 3.33333 7 4.05261 8.2344
68 3.53535 7.30303 3.26889 8.86768
69 3.73737 7.60606 2.75381 7.68619
70 3.93939 7.90909 3.96856 6.73456
71 4.14141 8.21212 3.04813 8.0996
72 4.34343 8.51515 3.61091 9.18896
73 4.54545 8.81818 4.11055 7.79468
74 4.74747 9.12121 4.87504 9.83915
75 4.94949 9.42424 5.33843 10.4957
76 5.15152 9.72727 6.32974 8.82049
77 5.35354 10.0303 7.06931 10.195
78 5.55556 10.3333 6.05863 9.43348
79 5.75758 10.6364 7.38944 10.1138
80 5.9596 10.9394 5.38777 12.371
81 6.16162 11.2424 5.31907 10.7226
82 6.36364 11.5455 6.32137 11.1264
83 6.56566 11.8485 6.06923 13.0114
84 6.76768 12.1515 6.35274 12.2489
85 6.9697 12.4545 6.32968 12.2337
86 7.17172 12.7576 7.72347 12.7092
87 7.37374 13.0606 7.02711 11.0017
88 7.57576 13.3636 7.58334 12.3907
89 7.77778 13.6667 7.86755 14.6738
90 7.9798 13.9697 7.09035 12.6331
91 8.18182 14.2727 7.92507 14.6663
92 8.38384 14.5758 6.48787 13.7119
93 8.58586 14.8788 7.56636 15.0892
94 8.78788 15.1818 8.66422 15.4804
95 8.9899 15.4848 9.56689 15.0863
96 9.19192 15.7879 9.86757 15.2202
97 9.39394 16.0909 8.03343 16.2843
98 9.59596 16.3939 9.0331 16.5046
99 9.79798 16.697 11.2216 14.835
100 10 17 10.3271 17.4201
